
method: cv.TM_CCOEFF

Template Map size: 1330245

templateMap: 
 [[-5.38024438e+05 -6.01450000e+05 -6.71713625e+05 ...  1.13562062e+06
   1.13505362e+06  1.13649925e+06]
 [-1.89351578e+05 -2.77680969e+05 -3.77715531e+05 ...  1.07910350e+06
   1.08311875e+06  1.08985350e+06]
 [ 2.13550156e+05  1.17577797e+05  4.90286670e+03 ...  1.04014675e+06
   1.05182875e+06  1.06376412e+06]
 ...
 [ 4.41236906e+05  4.01238344e+05  3.59160688e+05 ...  4.11292031e+04
   5.23366172e+04  6.24448555e+04]
 [ 1.67908109e+05  9.47977812e+04  3.15577871e+04 ...  6.39506406e+04
   7.78339766e+04  8.58967109e+04]
 [-1.89894625e+05 -2.81106812e+05 -3.51100094e+05 ...  8.48346406e+04
   9.92839062e+04  1.03316562e+05]]
minLoc: (1223, 249), maxLoc: (370, 510)


method: cv.TM_CCOEFF_NORMED

Template Map size: 1330245

templateMap: 
 [[-0.14059922 -0.15734664 -0.17585897 ...  0.23541482  0.23777078
   0.24060991]
 [-0.04896246 -0.07194496 -0.09803417 ...  0.23411591  0.2374646
   0.24143972]
 [ 0.05483752  0.03027285  0.00126541 ...  0.23643877  0.24161871
   0.24688208]
 ...
 [ 0.12621059  0.11458392  0.10261505 ...  0.05172386  0.06467038
   0.07574086]
 [ 0.04802958  0.02704955  0.00900215 ...  0.08051398  0.09629888
   0.1043155 ]
 [-0.0538876  -0.07950066 -0.09917942 ...  0.10676797  0.12281164
   0.12545945]]
minLoc: (387, 716), maxLoc: (370, 510)


method: cv.TM_CCORR

Template Map size: 1330245

templateMap: 
 [[2.4092296e+07 2.4002488e+07 2.3905262e+07 ... 9.7751776e+07
  9.7678064e+07 9.7618680e+07]
 [2.4168070e+07 2.4055600e+07 2.3931334e+07 ... 9.8122096e+07
  9.8051360e+07 9.7994592e+07]
 [2.4280148e+07 2.4160892e+07 2.4025176e+07 ... 9.8485928e+07
  9.8421008e+07 9.8366856e+07]
 ...
 [3.8248432e+07 3.8239488e+07 3.8226680e+07 ... 1.6948348e+07
  1.6972942e+07 1.7000258e+07]
 [3.8060388e+07 3.8013212e+07 3.7974528e+07 ... 1.6963680e+07
  1.6991548e+07 1.7017172e+07]
 [3.7804636e+07 3.7732688e+07 3.7680336e+07 ... 1.6975696e+07
  1.7004728e+07 1.7026920e+07]]
minLoc: (710, 788), maxLoc: (1006, 11)


method: cv.TM_CCORR_NORMED

Template Map size: 1330245

templateMap: 
 [[0.7161368  0.7142171  0.7120788  ... 0.7505983  0.7506244  0.7506646 ]
 [0.7259079  0.72325253 0.72023153 ... 0.7502448  0.7503033  0.75038105]
 [0.7375868  0.7346978  0.73128694 ... 0.7500226  0.75013715 0.7502519 ]
 ...
 [0.7458559  0.74506176 0.74424523 ... 0.74239665 0.7428366  0.7432269 ]
 [0.74050385 0.73906505 0.7378373  ... 0.74337727 0.74393624 0.7442381 ]
 [0.7334815  0.73169124 0.73033136 ... 0.74426985 0.74485546 0.7449824 ]]
minLoc: (1416, 618), maxLoc: (370, 510)


method: cv.TM_SQDIFF

Template Map size: 1330245

templateMap: 
 [[4.5778632e+07 4.5928476e+07 4.6092932e+07 ... 9.6871424e+07
  9.6683584e+07 9.6521640e+07]
 [4.5334720e+07 4.5531900e+07 4.5752908e+07 ... 9.7946576e+07
  9.7745584e+07 9.7567032e+07]
 [4.4799144e+07 4.5010536e+07 4.5255432e+07 ... 9.8939936e+07
  9.8719000e+07 9.8524000e+07]
 ...
 [3.6243656e+07 3.6316408e+07 3.6392352e+07 ... 5.2412464e+07
  5.2374492e+07 5.2334048e+07]
 [3.6769952e+07 3.6911000e+07 3.7031132e+07 ... 5.2376372e+07
  5.2332264e+07 5.2295432e+07]
 [3.7466488e+07 3.7646288e+07 3.7782472e+07 ... 5.2345920e+07
  5.2299896e+07 5.2270344e+07]]
minLoc: (370, 510), maxLoc: (1003, 26)


method: cv.TM_SQDIFF_NORMED

Template Map size: 1330245

templateMap: 
 [[1.         1.         1.         ... 0.7438384  0.74298215 0.74222857]
 [1.         1.         1.         ... 0.74890274 0.74796355 0.7471071 ]
 [1.         1.         1.         ... 0.7534801  0.7524084  0.7514504 ]
 ...
 [0.7067622  0.7075923  0.7085322  ... 1.         1.         1.        ]
 [0.71539706 0.7176355  0.71950734 ... 1.         1.         1.        ]
 [0.72692084 0.7300158  0.73231095 ... 1.         1.         1.        ]]
minLoc: (370, 510), maxLoc: (0, 0)

