No. of corners:  75

corners: 
 [[[116. 236.]]

 [[170. 222.]]

 [[432. 252.]]

 [[397. 322.]]

 [[512. 308.]]

 [[350. 314.]]

 [[227. 326.]]

 [[226. 247.]]

 [[338. 352.]]

 [[252. 348.]]

 [[ 73. 267.]]

 [[600. 232.]]

 [[490. 343.]]

 [[ 73. 304.]]

 [[495. 271.]]

 [[617. 171.]]

 [[398. 389.]]

 [[289. 200.]]

 [[ 58. 235.]]

 [[ 59. 332.]]

 [[549. 172.]]

 [[300. 280.]]

 [[359. 165.]]

 [[194. 242.]]

 [[239. 168.]]

 [[340. 210.]]

 [[ 46. 174.]]

 [[259. 317.]]

 [[197. 323.]]

 [[165. 178.]]

 [[234. 294.]]

 [[243. 431.]]

 [[417. 223.]]

 [[215. 359.]]

 [[427. 368.]]

 [[299. 367.]]

 [[ 15. 139.]]

 [[367. 224.]]

 [[525. 444.]]

 [[114. 452.]]

 [[193. 410.]]

 [[ 62. 142.]]

 [[581. 196.]]

 [[558. 234.]]

 [[234. 397.]]

 [[438. 177.]]

 [[129. 404.]]

 [[222. 193.]]

 [[573. 152.]]

 [[265. 275.]]

 [[618. 116.]]

 [[577. 366.]]

 [[ 15. 404.]]

 [[274. 417.]]

 [[481. 411.]]

 [[150. 253.]]

 [[149. 456.]]

 [[527. 245.]]

 [[114. 345.]]

 [[370. 369.]]

 [[ 20. 324.]]

 [[464. 196.]]

 [[ 41. 272.]]

 [[540. 210.]]

 [[134. 210.]]

 [[408. 456.]]

 [[450. 418.]]

 [[ 87. 225.]]

 [[153. 360.]]

 [[564. 434.]]

 [[323. 422.]]

 [[491. 440.]]

 [[602. 411.]]

 [[ 73. 380.]]

 [[400. 168.]]]
