Image shape:  (464, 620, 3)
NoiseRandom shape:  (464, 620)

NoiseRandom: 
 [[0.34016734 0.65789041 0.04115973 ... 0.94941692 0.5143348  0.12809808]
 [0.24963583 0.40274867 0.21808201 ... 0.91470404 0.76910907 0.34397423]
 [0.5856295  0.35105763 0.11412861 ... 0.28277377 0.76901026 0.91399681]
 ...
 [0.28014398 0.83706959 0.86668394 ... 0.12227616 0.13200161 0.21657193]
 [0.38751659 0.28029837 0.47552344 ... 0.50357836 0.64405866 0.42344673]
 [0.69406985 0.83583807 0.09105609 ... 0.84059632 0.79943576 0.18542758]]
